4655420.680041
442270.888295
4655420.689052
442269.783396
4655420.698063
442268.678497
4655420.707074
442267.573597
4655420.716085
442266.468698
4655420.725096
442265.363799
4655420.734107
442264.258899
4655420.743118
442263.154000
4655420.752130
442262.049101
4655419.751015
442262.040935
4655418.749901
442262.032770
4655417.748787
442262.024605
4655416.747672
442262.016439
4655415.746558
442262.008274
4655414.745444
442262.000109
4655413.744330
442261.991944
4655412.743215
442261.983778
4655411.742100
442261.975613
4655410.740986
442261.967448
4655409.739872
442261.959282
4655408.738758
442261.951117
4655407.737643
442261.942952
4655406.736530
442261.934787
4655405.735415
442261.926621
4655404.734300
442261.918456
4655403.733186
442261.910291
4655402.732071
442261.902125
4655401.730958
442261.893960
4655400.729843
442261.885795
4655399.728728
442261.877630
4655398.727615
442261.869464
4655398.719033
442262.921753
4655398.710451
442263.974041
4655398.701869
442265.026329
4655398.693287
442266.078618
4655398.684705
442267.130906
4655398.676123
442268.183194
4655398.667541
442269.235483
4655398.658959
442270.287771
4655398.650377
442271.340059
4655399.651726
442271.319525
4655400.653074
442271.298990
4655401.654422
442271.278455
4655402.655771
442271.257920
4655403.657119
442271.237386
4655404.658467
442271.216851
4655405.659816
442271.196316
4655406.661164
442271.175781
4655407.662513
442271.155247
4655408.663861
442271.134712
4655409.665209
442271.114177
4655410.666558
442271.093642
4655411.667906
442271.073108
4655412.669254
442271.052573
4655413.670602
442271.032038
4655414.671951
442271.011504
4655415.673300
442270.990969
4655416.674649
442270.970434
4655417.675996
442270.949899
4655418.677345
442270.929365
4655419.678693
442270.908830
4655420.680041
442270.888295
